hairMale:
30380, 33030, 33050, 33060, 33070, 33080, 33090, 33110, 33120, 33130, 33150, 33160, 33170, 33180, 33190, 33210, 33220, 33240, 33250, 33260, 33270, 33280, 33290, 33310, 33330, 33350, 33360, 33370, 33380, 33390, 33400, 33410, 33430, 33440, 33450, 33460, 33470, 33480, 33500, 33510, 33520, 33530, 33540, 33550, 33580, 33590, 33600, 33610, 33620, 33630, 33640, 33660, 33670, 33680, 33690, 33700, 33710, 33720, 33730, 33740, 33750, 33760, 33770, 33780, 33790, 33800, 33810, 33820, 33830, 33930, 33940, 33950, 33960, 33990, 

hairFemale:
31360, 31990, 34040, 34060, 34070, 34080, 34090, 34100, 34120, 34130, 34140, 34150, 34160, 34170, 34180, 34190, 34210, 34220, 34230, 34240, 34250, 34260, 34270, 34310, 34320, 34330, 34340, 34350, 34360, 34370, 34380, 34400, 34410, 34420, 34430, 34440, 34450, 34470, 34480, 34490, 34510, 34540, 34560, 34580, 34590, 34600, 34610, 34620, 34630, 34640, 34650, 34660, 34670, 34680, 34690, 34700, 34710, 34720, 34730, 34740, 34750, 34760, 34770, 34780, 34790, 34800, 34810, 34820, 34830, 34840, 34850, 34860, 34870, 34880, 34890, 34900, 34910, 34940, 34950, 34960, 34970, 34980, 

hairUnknownGender:
35000, 35010, 35020, 35030, 35040, 35050, 35160, 35170, 36000, 36010, 36020, 36030, 36040, 36050, 36060, 36070, 36080, 36090, 36100, 36110, 36130, 36140, 36150, 36160, 36170, 36180, 36190, 36200, 36210, 36220, 36230, 36240, 36250, 36260, 36270, 36280, 36300, 36310, 36320, 36330, 36340, 36350, 36380, 36390, 36400, 36410, 36420, 36430, 36450, 36460, 36470, 36480, 36490, 36500, 36510, 36520, 36530, 36570, 36580, 36590, 36600, 36610, 36620, 36630, 36640, 36650, 36670, 36680, 36690, 36700, 36710, 36720, 36730, 36740, 36750, 36760, 36780, 36790, 36800, 36810, 36820, 36830, 36840, 36850, 36860, 36920, 36930, 36940, 36950, 36980, 36990, 37000, 37010, 37020, 37030, 37040, 37060, 37070, 37080, 37090, 37100, 37110, 37120, 37130, 37140, 37150, 37160, 37170, 37190, 37200, 37210, 37220, 37230, 37240, 37250, 37260, 37270, 37290, 37300, 37310, 37320, 37330, 37340, 37350, 37370, 37380, 37400, 37420, 37450, 37460, 37470, 37490, 37500, 37510, 37520, 37530, 37570, 37580, 37590, 37600, 37610, 37620, 37630, 37640, 37650, 37660, 37670, 37680, 37690, 37700, 37710, 37720, 37730, 37740, 37750, 37760, 37770, 37780, 37790, 37800, 37810, 37820, 37830, 37840, 37850, 37860, 37880, 37930, 37940, 37950, 37960, 37970, 37980, 37990, 38000, 38010, 38020, 38030, 38040, 38050, 38060, 38250, 38260, 39040, 39050, 39060, 39070, 39080, 

faceMale:
20000, 20001, 20002, 20003, 20004, 20005, 20006, 20007, 20008, 20009, 20010, 20011, 20012, 20013, 20014, 20015, 20016, 20017, 20018, 20019, 20020, 20021, 20022, 20023, 20024, 20025, 20026, 20027, 20028, 20029, 20031, 20032, 

faceFemale:
21000, 21001, 21002, 21003, 21004, 21005, 21006, 21007, 21008, 21009, 21010, 21011, 21012, 21013, 21014, 21016, 21017, 21018, 21019, 21020, 21021, 21022, 21023, 21024, 21025, 21026, 21027, 21029, 21030, 

Author: Xerdox
Happy Mapling!